[Console output redirected to file:/mnt/data2/lab_fpga/Student5/wide_vadd2/Emulation-HW/SystemDebugger_wide_vadd2_system_22_wide_vadd2.launch.log]
Found Platform
Platform Name: Xilinx
INFO: Reading /mnt/data2/lab_fpga/Student5/wide_vadd2_system/Emulation-HW/binary_container_1.xclbin
Loading: '/mnt/data2/lab_fpga/Student5/wide_vadd2_system/Emulation-HW/binary_container_1.xclbin'
Trying to program device[0]: xilinx_u200_gen3x16_xdma_2_202110_1
INFO: [HW-EMU 05] Path of the simulation directory : /mnt/data2/lab_fpga/Student5/wide_vadd2/Emulation-HW/.run/3604/hw_em/device0/binary_0/behav_waveform/xsim

 server socket name is	/tmp/student5/device0_0_3604
INFO: [HW-EMU 01] Hardware emulation runs simulation underneath. Using a large data set will result in long simulation times. It is recommended that a small dataset is used for faster execution. The flow uses approximate models for Global memories and interconnect and hence the performance data generated is approximate.
configuring dataflow mode with ert polling
scheduler config ert(1), dataflow(1), slots(16), cudma(0), cuisr(0), cdma(0), cus(1)
Device[0]: program successful!

in2
0		256		1024		2304		4096		6400		9216		12544		16384		20736		25600		30976		36864		43264		50176		57600		
1		289		1089		2401		4225		6561		9409		12769		16641		21025		25921		31329		37249		43681		50625		58081		
4		324		1156		2500		4356		6724		9604		12996		16900		21316		26244		31684		37636		44100		51076		58564		
9		361		1225		2601		4489		6889		9801		13225		17161		21609		26569		32041		38025		44521		51529		59049		
16		400		1296		2704		4624		7056		10000		13456		17424		21904		26896		32400		38416		44944		51984		59536		
25		441		1369		2809		4761		7225		10201		13689		17689		22201		27225		32761		38809		45369		52441		60025		
36		484		1444		2916		4900		7396		10404		13924		17956		22500		27556		33124		39204		45796		52900		60516		
49		529		1521		3025		5041		7569		10609		14161		18225		22801		27889		33489		39601		46225		53361		61009		
64		576		1600		3136		5184		7744		10816		14400		18496		23104		28224		33856		40000		46656		53824		61504		
81		625		1681		3249		5329		7921		11025		14641		18769		23409		28561		34225		40401		47089		54289		62001		
100		676		1764		3364		5476		8100		11236		14884		19044		23716		28900		34596		40804		47524		54756		62500		
121		729		1849		3481		5625		8281		11449		15129		19321		24025		29241		34969		41209		47961		55225		63001		
144		784		1936		3600		5776		8464		11664		15376		19600		24336		29584		35344		41616		48400		55696		63504		
169		841		2025		3721		5929		8649		11881		15625		19881		24649		29929		35721		42025		48841		56169		64009		
196		900		2116		3844		6084		8836		12100		15876		20164		24964		30276		36100		42436		49284		56644		64516		
225		961		2209		3969		6241		9025		12321		16129		20449		25281		30625		36481		42849		49729		57121		65025		


sw
3686400		3726200		3766240		3806520		3847040		3887800		3928800		3970040		4011520		4053240		4095200		4137400		4179840		4222520		4265440		4308600		
8765440		8866936		8969184		9072184		9175936		9280440		9385696		9491704		9598464		9705976		9814240		9923256		10033024		10143544		10254816		10366840		
13844480		14007672		14172128		14337848		14504832		14673080		14842592		15013368		15185408		15358712		15533280		15709112		15886208		16064568		16244192		16425080		
18923520		19148408		19375072		19603512		19833728		20065720		20299488		20535032		20772352		21011448		21252320		21494968		21739392		21985592		22233568		22483320		
24002560		24289144		24578016		24869176		25162624		25458360		25756384		26056696		26359296		26664184		26971360		27280824		27592576		27906616		28222944		28541560		
29081600		29429880		29780960		30134840		30491520		30851000		31213280		31578360		31946240		32316920		32690400		33066680		33445760		33827640		34212320		34599800		
34160640		34570616		34983904		35400504		35820416		36243640		36670176		37100024		37533184		37969656		38409440		38852536		39298944		39748664		40201696		40658040		
39239680		39711352		40186848		40666168		41149312		41636280		42127072		42621688		43120128		43622392		44128480		44638392		45152128		45669688		46191072		46716280		
44318720		44852088		45389792		45931832		46478208		47028920		47583968		48143352		48707072		49275128		49847520		50424248		51005312		51590712		52180448		52774520		
49397760		49992824		50592736		51197496		51807104		52421560		53040864		53665016		54294016		54927864		55566560		56210104		56858496		57511736		58169824		58832760		
54476800		55133560		55795680		56463160		57136000		57814200		58497760		59186680		59880960		60580600		61285600		61995960		62711680		63432760		64159200		64891000		
59555840		60274296		60998624		61728824		62464896		63206840		63954656		64708344		65467904		66233336		67004640		67781816		68564864		69353784		70148576		70949240		
64634880		65415032		66201568		66994488		67793792		68599480		69411552		70230008		71054848		71886072		72723680		73567672		74418048		75274808		76137952		77007480		
69713920		70555768		71404512		72260152		73122688		73992120		74868448		75751672		76641792		77538808		78442720		79353528		80271232		81195832		82127328		83065720		
74792960		75696504		76607456		77525816		78451584		79384760		80325344		81273336		82228736		83191544		84161760		85139384		86124416		87116856		88116704		89123960		
79872000		80837240		81810400		82791480		83780480		84777400		85782240		86795000		87815680		88844280		89880800		90925240		91977600		93037880		94106080		95182200		


hw
3686400		3726200		3766240		3806520		3847040		3887800		3928800		3970040		4011520		4053240		4095200		4137400		4179840		4222520		4265440		4308600		
8765440		8866936		8969184		9072184		9175936		9280440		9385696		9491704		9598464		9705976		9814240		9923256		10033024		10143544		10254816		10366840		
13844480		14007672		14172128		14337848		14504832		14673080		14842592		15013368		15185408		15358712		15533280		15709112		15886208		16064568		16244192		16425080		
18923520		19148408		19375072		19603512		19833728		20065720		20299488		20535032		20772352		21011448		21252320		21494968		21739392		21985592		22233568		22483320		
24002560		24289144		24578016		24869176		25162624		25458360		25756384		26056696		26359296		26664184		26971360		27280824		27592576		27906616		28222944		28541560		
29081600		29429880		29780960		30134840		30491520		30851000		31213280		31578360		31946240		32316920		32690400		33066680		33445760		33827640		34212320		34599800		
34160640		34570616		34983904		35400504		35820416		36243640		36670176		37100024		37533184		37969656		38409440		38852536		39298944		39748664		40201696		40658040		
39239680		39711352		40186848		40666168		41149312		41636280		42127072		42621688		43120128		43622392		44128480		44638392		45152128		45669688		46191072		46716280		
44318720		44852088		45389792		45931832		46478208		47028920		47583968		48143352		48707072		49275128		49847520		50424248		51005312		51590712		52180448		52774520		
49397760		49992824		50592736		51197496		51807104		52421560		53040864		53665016		54294016		54927864		55566560		56210104		56858496		57511736		58169824		58832760		
54476800		55133560		55795680		56463160		57136000		57814200		58497760		59186680		59880960		60580600		61285600		61995960		62711680		63432760		64159200		64891000		
59555840		60274296		60998624		61728824		62464896		63206840		63954656		64708344		65467904		66233336		67004640		67781816		68564864		69353784		70148576		70949240		
64634880		65415032		66201568		66994488		67793792		68599480		69411552		70230008		71054848		71886072		72723680		73567672		74418048		75274808		76137952		77007480		
69713920		70555768		71404512		72260152		73122688		73992120		74868448		75751672		76641792		77538808		78442720		79353528		80271232		81195832		82127328		83065720		
74792960		75696504		76607456		77525816		78451584		79384760		80325344		81273336		82228736		83191544		84161760		85139384		86124416		87116856		88116704		89123960		
79872000		80837240		81810400		82791480		83780480		84777400		85782240		86795000		87815680		88844280		89880800		90925240		91977600		93037880		94106080		95182200		

----------------- Key execution times -----------------
Allocate Memory in Host Memory                             :    0.029 ms
Fill the buffers                                           :    0.015 ms
Software VADD run                                          :    0.051 ms
OpenCL host code                                           :   27.172 ms
Load Binary File to Alveo U200                             : 27533.043 ms
Allocate Buffer in Global Memory                           :    0.035 ms
Set the Kernel Arguments                                   :   64.428 ms
Copy input data to device global memory                    :    0.343 ms
Launch the Kernel                                          :    0.059 ms
Copy Result from Device Global Memory to Host Local Memory : 1107.162 ms
Compare the results of the Device to the simulation        :    0.006 ms
TEST FAILED
INFO: [HW-EMU 06-0] Waiting for the simulator process to exit
INFO: [HW-EMU 06-1] All the simulator processes exited successfully
INFO: [HW-EMU 07-0] Please refer the path "/mnt/data2/lab_fpga/Student5/wide_vadd2/Emulation-HW/.run/3604/hw_em/device0/binary_0/behav_waveform/xsim/simulate.log" for more detailed simulation infos, errors and warnings.




[Console output redirected to file:/mnt/data2/lab_fpga/Student5/wide_vadd2/Emulation-HW/SystemDebugger_wide_vadd2_system_27_wide_vadd2.launch.log]
Found Platform
Platform Name: Xilinx
INFO: Reading /mnt/data2/lab_fpga/Student5/wide_vadd2_system/Emulation-HW/binary_container_1.xclbin
Loading: '/mnt/data2/lab_fpga/Student5/wide_vadd2_system/Emulation-HW/binary_container_1.xclbin'
Trying to program device[0]: xilinx_u200_gen3x16_xdma_2_202110_1
INFO: [HW-EMU 05] Path of the simulation directory : /mnt/data2/lab_fpga/Student5/wide_vadd2/Emulation-HW/.run/31415/hw_em/device0/binary_0/behav_waveform/xsim
INFO: [HW-EMU 01] Hardware emulation runs simulation underneath. Using a large data set will result in long simulation times. It is recommended that a small dataset is used for faster execution. The flow uses approximate models for Global memories and interconnect and hence the performance data generated is approximate.
configuring dataflow mode with ert polling
scheduler config ert(1), dataflow(1), slots(16), cudma(0), cuisr(0), cdma(0), cus(1)
Device[0]: program successful!

in2
0		1		4		9		16		25		36		49		64		81		100		121		144		169		196		225		
256		289		324		361		400		441		484		529		576		625		676		729		784		841		900		961		
1024		1089		1156		1225		1296		1369		1444		1521		1600		1681		1764		1849		1936		2025		2116		2209		
2304		2401		2500		2601		2704		2809		2916		3025		3136		3249		3364		3481		3600		3721		3844		3969		
4096		4225		4356		4489		4624		4761		4900		5041		5184		5329		5476		5625		5776		5929		6084		6241		
6400		6561		6724		6889		7056		7225		7396		7569		7744		7921		8100		8281		8464		8649		8836		9025		
9216		9409		9604		9801		10000		10201		10404		10609		10816		11025		11236		11449		11664		11881		12100		12321		
12544		12769		12996		13225		13456		13689		13924		14161		14400		14641		14884		15129		15376		15625		15876		16129		
16384		16641		16900		17161		17424		17689		17956		18225		18496		18769		19044		19321		19600		19881		20164		20449		
20736		21025		21316		21609		21904		22201		22500		22801		23104		23409		23716		24025		24336		24649		24964		25281		
25600		25921		26244		26569		26896		27225		27556		27889		28224		28561		28900		29241		29584		29929		30276		30625		
30976		31329		31684		32041		32400		32761		33124		33489		33856		34225		34596		34969		35344		35721		36100		36481		
36864		37249		37636		38025		38416		38809		39204		39601		40000		40401		40804		41209		41616		42025		42436		42849		
43264		43681		44100		44521		44944		45369		45796		46225		46656		47089		47524		47961		48400		48841		49284		49729		
50176		50625		51076		51529		51984		52441		52900		53361		53824		54289		54756		55225		55696		56169		56644		57121		
57600		58081		58564		59049		59536		60025		60516		61009		61504		62001		62500		63001		63504		64009		64516		65025		


sw
3686400		3726200		3766240		3806520		3847040		3887800		3928800		3970040		4011520		4053240		4095200		4137400		4179840		4222520		4265440		4308600		
8765440		8866936		8969184		9072184		9175936		9280440		9385696		9491704		9598464		9705976		9814240		9923256		10033024		10143544		10254816		10366840		
13844480		14007672		14172128		14337848		14504832		14673080		14842592		15013368		15185408		15358712		15533280		15709112		15886208		16064568		16244192		16425080		
18923520		19148408		19375072		19603512		19833728		20065720		20299488		20535032		20772352		21011448		21252320		21494968		21739392		21985592		22233568		22483320		
24002560		24289144		24578016		24869176		25162624		25458360		25756384		26056696		26359296		26664184		26971360		27280824		27592576		27906616		28222944		28541560		
29081600		29429880		29780960		30134840		30491520		30851000		31213280		31578360		31946240		32316920		32690400		33066680		33445760		33827640		34212320		34599800		
34160640		34570616		34983904		35400504		35820416		36243640		36670176		37100024		37533184		37969656		38409440		38852536		39298944		39748664		40201696		40658040		
39239680		39711352		40186848		40666168		41149312		41636280		42127072		42621688		43120128		43622392		44128480		44638392		45152128		45669688		46191072		46716280		
44318720		44852088		45389792		45931832		46478208		47028920		47583968		48143352		48707072		49275128		49847520		50424248		51005312		51590712		52180448		52774520		
49397760		49992824		50592736		51197496		51807104		52421560		53040864		53665016		54294016		54927864		55566560		56210104		56858496		57511736		58169824		58832760		
54476800		55133560		55795680		56463160		57136000		57814200		58497760		59186680		59880960		60580600		61285600		61995960		62711680		63432760		64159200		64891000		
59555840		60274296		60998624		61728824		62464896		63206840		63954656		64708344		65467904		66233336		67004640		67781816		68564864		69353784		70148576		70949240		
64634880		65415032		66201568		66994488		67793792		68599480		69411552		70230008		71054848		71886072		72723680		73567672		74418048		75274808		76137952		77007480		
69713920		70555768		71404512		72260152		73122688		73992120		74868448		75751672		76641792		77538808		78442720		79353528		80271232		81195832		82127328		83065720		
74792960		75696504		76607456		77525816		78451584		79384760		80325344		81273336		82228736		83191544		84161760		85139384		86124416		87116856		88116704		89123960		
79872000		80837240		81810400		82791480		83780480		84777400		85782240		86795000		87815680		88844280		89880800		90925240		91977600		93037880		94106080		95182200		


hw
3686400		3726200		3766240		3806520		3847040		3887800		3928800		3970040		4011520		4053240		4095200		4137400		4179840		4222520		4265440		4308600		
8765440		8866936		8969184		9072184		9175936		9280440		9385696		9491704		9598464		9705976		9814240		9923256		10033024		10143544		10254816		10366840		
13844480		14007672		14172128		14337848		14504832		14673080		14842592		15013368		15185408		15358712		15533280		15709112		15886208		16064568		16244192		16425080		
18923520		19148408		19375072		19603512		19833728		20065720		20299488		20535032		20772352		21011448		21252320		21494968		21739392		21985592		22233568		22483320		
24002560		24289144		24578016		24869176		25162624		25458360		25756384		26056696		26359296		26664184		26971360		27280824		27592576		27906616		28222944		28541560		
29081600		29429880		29780960		30134840		30491520		30851000		31213280		31578360		31946240		32316920		32690400		33066680		33445760		33827640		34212320		34599800		
34160640		34570616		34983904		35400504		35820416		36243640		36670176		37100024		37533184		37969656		38409440		38852536		39298944		39748664		40201696		40658040		
39239680		39711352		40186848		40666168		41149312		41636280		42127072		42621688		43120128		43622392		44128480		44638392		45152128		45669688		46191072		46716280		
44318720		44852088		45389792		45931832		46478208		47028920		47583968		48143352		48707072		49275128		49847520		50424248		51005312		51590712		52180448		52774520		
49397760		49992824		50592736		51197496		51807104		52421560		53040864		53665016		54294016		54927864		55566560		56210104		56858496		57511736		58169824		58832760		
54476800		55133560		55795680		56463160		57136000		57814200		58497760		59186680		59880960		60580600		61285600		61995960		62711680		63432760		64159200		64891000		
59555840		60274296		60998624		61728824		62464896		63206840		63954656		64708344		65467904		66233336		67004640		67781816		68564864		69353784		70148576		70949240		
64634880		65415032		66201568		66994488		67793792		68599480		69411552		70230008		71054848		71886072		72723680		73567672		74418048		75274808		76137952		77007480		
69713920		70555768		71404512		72260152		73122688		73992120		74868448		75751672		76641792		77538808		78442720		79353528		80271232		81195832		82127328		83065720		
74792960		75696504		76607456		77525816		78451584		79384760		80325344		81273336		82228736		83191544		84161760		85139384		86124416		87116856		88116704		89123960		
79872000		80837240		81810400		82791480		83780480		84777400		85782240		86795000		87815680		88844280		89880800		90925240		91977600		93037880		94106080		95182200		

----------------- Key execution times -----------------
Allocate Memory in Host Memory                             :    0.040 ms
Fill the buffers                                           :    0.007 ms
Software VADD run                                          :    0.059 ms
OpenCL host code                                           :   73.616 ms
Load Binary File to Alveo U200                             : 41468.738 ms
Allocate Buffer in Global Memory                           :    0.027 ms
Set the Kernel Arguments                                   :   65.061 ms
Copy input data to device global memory                    :    0.344 ms
Launch the Kernel                                          :    0.071 ms
Copy Result from Device Global Memory to Host Local Memory : 4114.155 ms
Compare the results of the Device to the simulation        :    0.005 ms
TEST PASSED
INFO: [HW-EMU 06-0] Waiting for the simulator process to exit
INFO: [HW-EMU 06-1] All the simulator processes exited successfully
INFO: [HW-EMU 07-0] Please refer the path "/mnt/data2/lab_fpga/Student5/wide_vadd2/Emulation-HW/.run/31415/hw_em/device0/binary_0/behav_waveform/xsim/simulate.log" for more detailed simulation infos, errors and warnings.


